[app/ui]
version = 9.0.0
modtime = 1660500249.715282600

[app/launcher]
version = 9.0.0
modtime = 1660500249.726232300
